9126.662000
8534.289000
9134.076000
9371.176000
9099.393000
9641.684000
8638.497000
9578.233000
9110.557000
8464.053000
1222.491000
1229.164000
993.279000
1016.294000
984.737000
1047.644000
1029.019000
934.790000
935.991000
1040.021000
147.509000
150.982000
144.136000
129.404000
140.220000
146.395000
141.342000
139.187000
133.293000
106.040000
31.180000
34.586000
32.877000
34.065000
44.377000
31.843000
33.561000
33.134000
33.503000
29.418000
6.838000
8.395000
7.155000
6.536000
7.287000
7.343000
7.011000
7.592000
6.551000
7.447000
4.158000
3.804000
4.755000
6.096000
4.871000
4.898000
4.226000
5.638000
5.895000
5.108000
2.654000
1.892000
2.098000
2.013000
1.688000
1.625000
2.123000
1.836000
1.911000
2.080000
2.140000
3.745000
2.434000
2.076000
2.313000
3.717000
2.163000
2.507000
2.999000
2.497000