11880.184000
12365.452000
13176.215000
13231.497000
11605.389000
10389.699000
10232.647000
9880.455000
9997.248000
10107.968000
1599.039000
1296.045000
1476.104000
1557.796000
1303.909000
1255.087000
1108.903000
1225.391000
1117.530000
1319.396000
272.632000
241.388000
232.188000
226.233000
193.791000
204.745000
201.999000
201.573000
198.595000
238.272000
80.896000
59.060000
79.343000
60.883000
62.434000
59.681000
80.517000
59.639000
82.161000
78.843000
22.121000
28.551000
27.936000
27.930000
27.546000
19.627000
28.774000
19.634000
27.469000
22.009000
3.716000
3.910000
3.582000
3.675000
3.396000
4.432000
3.609000
3.645000
4.016000
4.815000
2.300000
1.839000
1.897000
2.101000
1.967000
2.108000
2.443000
2.374000
2.449000
2.364000
2.941000
2.083000
1.667000
1.859000
1.746000
1.476000
1.556000
1.917000
1.630000
1.865000