35268.771000
32772.533000
30971.607000
30379.659000
37935.830000
34411.294000
30607.944000
34864.511000
38524.430000
38938.209000
4144.160000
3185.003000
3209.377000
3171.328000
3204.137000
3811.930000
3155.427000
4003.180000
3178.283000
3185.794000
439.695000
414.692000
440.591000
412.929000
424.308000
413.484000
425.314000
396.696000
405.933000
412.901000
84.613000
125.195000
111.100000
110.012000
143.023000
125.047000
127.572000
126.115000
123.323000
115.85100
19.399000
8.899000
19.402000
8.837000
17.641000
6.940000
11.246000
8.686000
17.733000
8.061000