3201.846000
4545.177000
4354.981000
3199.392000
4419.007000
3656.201000
4374.008000
4002.031000
3718.840000
3231.076000
407.941000
425.137000
432.107000
394.920000
399.385000
399.171000
399.565000
421.799000
394.588000
396.891000
68.100000
71.524000
66.672000
67.308000
65.844000
66.270000
67.282000
66.870000
66.970000
67.208000
6.990000
7.132000
7.159000
8.324000
5.937000
7.690000
6.331000
7.266000
7.411000
5.474000
1.073000
0.851000
1.146000
1.041000
1.040000
0.886000
0.977000
0.992000
0.890000
1.010000
0.402000
0.933000
0.392000
0.359000
0.362000
0.394000
0.741000
0.413000
0.387000
0.372000
0.817000
0.215000
0.250000
0.826000
0.224000
0.181000
0.321000
0.278000
1.002000
0.205000