0.0001
0.540000
0.430000
0.458000
0.452000
0.482000
0.487000
0.460000
0.421000
0.440000
0.431000
0.001
2.355000
1.942000
2.368000
2.219000
1.914000
2.248000
2.363000
2.274000
2.325000
2.289000
0.01
12.858000
14.491000
14.551000
15.152000
12.775000
12.750000
14.290000
15.081000
13.101000
14.768000
0.1
80.451000
79.980000
80.116000
79.465000
81.484000
80.190000
78.783000
79.252000
79.679000
80.096000
1
596.557000
601.757000
571.817000
594.202000
591.457000
600.982000
589.090000
595.296000
618.804000
633.187000
10
5986.638000
5924.124000
5949.394000
5902.844000
6070.573000
5869.618000
6083.703000
5759.836000
5809.747000
5821.970000