0.0001
1.839000
1.534000
1.214000
1.240000
1.228000
1.450000
1.240000
1.366000
1.471000
1.227000
0.001
5.063000
4.530000
4.946000
4.629000
4.642000
4.531000
4.624000
4.669000
4.676000
4.740000
0.01
9.285000
8.984000
9.274000
9.566000
8.163000
9.139000
8.677000
8.146000
9.551000
8.659000
0.1
45.678000
43.575000
42.409000
45.208000
41.423000
46.468000
42.525000
48.161000
39.820000
45.461000
1
271.260000
299.013000
323.277000
305.120000
327.532000
294.697000
313.463000
323.563000
328.677000
290.577000
10
3028.934000
2998.361000
3187.988000
3052.110000
3135.284000
3616.113000
3108.886000
3249.771000
3269.386000
2850.048000
