2598.654000
2359.235000
2549.763000
2049.374000
2021.616000
2296.512000
2033.992000
2024.527000
2108.551000
2228.154000
265.479000
238.961000
223.751000
214.794000
215.880000
214.749000
213.739000
214.912000
213.136000
213.520000
28.084000
28.172000
28.127000
29.303000
27.945000
28.452000
28.068000
28.001000
28.312000
28.458000
6.735000
6.510000
6.541000
6.722000
6.683000
6.802000
6.808000
6.512000
7.139000
6.656000
5.125000
5.398000
4.728000
4.522000
5.080000
4.827000
4.833000
4.802000
4.852000
4.543000
2.653000
1.753000
2.463000
2.267000
2.067000
2.449000
2.161000
2.003000
2.601000
2.559000
1.804000
1.878000
2.376000
1.842000
2.055000
2.155000
2.115000
2.196000
1.913000
2.167000