25148.477000
26077.128000
27417.186000
27311.228000
26926.809000
26866.096000
27603.304000
26558.370000
26263.688000
26023.661000
2141.764000
2233.635000
2075.678000
2089.163000
2163.338000
2229.491000
2068.941000
2066.322000
2077.343000
2182.020000
489.472000
387.039000
378.551000
358.007000
379.497000
387.933000
415.193000
401.958000
373.947000
372.667000
280.417000
283.358000
282.197000
296.344000
283.184000
276.733000
275.407000
279.448000
297.311000
294.485000
275.756000
269.628000
271.529000
261.524000
282.506000
276.267000
270.159000
271.943000
272.973000
275.984000
268.814000
269.990000
271.728000
268.236000
262.167000
266.596000
259.207000
265.506000
259.308000
260.163000
139.360000
142.687000
138.191000
136.193000
129.784000
125.859000
131.025000
153.052000
146.481000
146.349000