9832.027000
8498.648000
9151.013000
8452.456000
8437.909000
8890.990000
8473.849000
9547.712000
9598.051000
8570.947000
1441.158000
1298.901000
1012.256000
1020.696000
1014.158000
1040.657000
971.754000
978.095000
1032.261000
1222.669000
174.171000
115.528000
117.716000
122.014000
128.632000
122.672000
112.998000
121.902000
121.663000
120.752000
29.198000
28.543000
28.427000
29.046000
30.631000
28.403000
30.244000
28.462000
29.048000
32.191000
9.255000
9.143000
8.450000
7.478000
7.222000
7.299000
6.679000
7.147000
8.258000
8.584000
5.442000
3.874000
3.469000
3.786000
5.282000
4.634000
3.049000
3.178000
3.900000
3.143000
2.059000
2.707000
2.147000
2.720000
2.463000
2.379000
2.386000
1.936000
2.734000
2.437000
1.458000
1.475000
1.547000
2.451000
1.248000
1.655000
1.305000
1.383000
1.566000
1.462000